0
0
0
0
0
0
0
0
0
0
0
0
0
0
0
0
0
0
0
0
0
0
0
0
0
0
0
0
0
0
0
0
0
0
0
0
0
0
0
0
0
0
0
0
0
0
0
0
0
0
0
0
0
0
0
0
0
0
0
0
0
0
0
0
0
0
0
0
0
0
0
0
0
0
0
0
0
0
0
0
0
0
0
0
0
0
0
0
0
0
0
0
0
0
0
0
0
0
0
0
0
0
-0.1
-0.1
-0.1
-0.1
-0.1
-0.0952381
-0.0904762
-0.0857143
-0.0809525
-0.0761906
-0.0714287
-0.0676191
-0.0638096
-0.0600001
-0.0561906
-0.0523811
-0.0485716
-0.044762
-0.0409525
-0.037143
-0.0333335
-0.029524
-0.0257145
-0.021905
-0.0180954
-0.0142859
-0.0100002
-0.00571451
-0.0014288
0.0028569
0.00714261
0.0114283
0.015714
0.0199997
0.0242854
0.0285711
0.0328568
0.0371425
0.0414282
0.0457139
0.0499997
0.0542854
0.0585711
0.0628568
0.0671425
0.0714282
0.0755757
0.0797231
0.0838706
0.088018
0.0921655
0.096313
0.10046
0.104608
0.108755
0.112903
0.11705
0.121198
0.125345
0.129493
0.13364
0.137788
0.141935
0.146082
0.15023
0.154377
0.158525
0.162672
0.16682
0.170967
0.175115
0.179262
0.18341
0.187557
0.191704
0.195852
0.199999
0.203225
0.206451
0.209677
0.212902
0.216128
0.219354
0.22258
0.225806
0.229031
0.232257
0.235483
0.238709
0.241935
0.24516
0.248386
0.251612
0.254838
0.258064
0.261289
0.264515
0.267741
0.270967
0.274193
0.277418
0.280644
0.28387
0.287096
0.290322
0.293548
0.296773
0.299999
0.30386
0.307721
0.311582
0.315443
0.319304
0.323165
0.327026
0.330887
0.334748
0.338609
0.34247
0.346331
0.350192
0.354053
0.357914
0.361775
0.365636
0.369497
0.373358
0.377219
0.38108
0.384941
0.388802
0.392663
0.396524
0.400385
0.404246
0.408107
0.411968
0.415829
0.41969
0.423551
0.427412
0.431273
0.435134
0.438995
0.442856
0.444999
0.447142
0.449285
0.451427
0.45357
0.455713
0.457856
0.459999
0.462142
0.464285
0.466427
0.46857
0.470713
0.472856
0.474999
0.477142
0.479284
0.481427
0.48357
0.485713
0.486598
0.487483
0.488368
0.489253
0.490138
0.491023
0.491908
0.492793
0.493678
0.494563
0.495448
0.496333
0.497218
0.498103
0.498988
0.499873
0.500758
0.501643
0.502527
0.503412
0.504297
0.505182
0.506067
0.506952
0.507837
0.508722
0.509607
0.510492
0.511377
0.512262
0.513147
0.514032
0.514917
0.515802
0.516687
0.517572
0.518457
0.519342
0.520226
0.521111
0.521996
0.522881
0.523766
0.524651
0.525536
0.526421
0.527306
0.528191
0.529076
0.529961
0.530846
0.531731
0.532616
0.533501
0.534386
0.535271
0.536156
0.537041
0.537925
0.53881
0.539695
0.54058
0.541465
0.54235
0.543235
0.54412
0.545005
0.54589
0.546775
0.54766
0.548545
0.54943
0.550315
0.5512
0.552085
0.55297
0.553855
0.55474
0.555624
0.556509
0.557394
0.558279
0.559164
0.560049
0.560934
0.561819
0.562704
0.563589
0.564474
0.565359
0.566244
0.567129
0.568014
0.568899
0.569784
0.570669
0.571554
0.572439
0.573323
0.574208
0.575093
0.575978
0.576863
0.577748
0.578633
0.579518
0.580403
0.581288
0.582173
0.583058
0.583943
0.584828
0.585713
0.585713
0.585713
0.585713
0.585713
0.585713
0.585713
0.585713
0.585713
0.585713
0.585713
0.585713
0.585713
0.585713
0.585713
0.585713
0.585713
0.585713
0.585713
0.585713
0.585713
0.585713
0.585713
0.585713
0.585713
0.585713
0.585713
0.585713
0.585713
0.585713
0.585713
0.585713
0.585713
0.585713
0.585713
0.585712
0.583144
0.580576
0.578007
0.575439
0.572871
0.570303
0.567735
0.565167
0.562598
0.56003
0.557462
0.554894
0.552326
0.549757
0.547189
0.544621
0.542053
0.539485
0.536916
0.534348
0.53178
0.529212
0.526644
0.524076
0.521507
0.518939
0.516371
0.513803
0.511235
0.508666
0.506098
0.50353
0.500962
0.498394
0.495825
0.493257
0.490689
0.488121
0.485553
0.482984
0.480416
0.477848
0.47528
0.472712
0.470143
0.467575
0.465007
0.462439
0.45987
0.457302
0.454734
0.452166
0.449598
0.447029
0.444461
0.441893
0.439325
0.436757
0.434188
0.43162
0.429052
0.426484
0.423915
0.421347
0.418779
0.416211
0.413643
0.411074
0.408506
0.405938
0.40337
0.400802
0.398233
0.395665
0.393097
0.390529
0.38796
0.385392
0.382824
0.380256
0.377688
0.375119
0.372551
0.369983
0.367415
0.364846
0.362278
0.35971
0.357142
0.351947
0.346752
0.341557
0.336363
0.331168
0.325973
0.320778
0.315583
0.310389
0.305194
0.299999
0.294804
0.289609
0.284415
0.27922
0.274025
0.26883
0.263636
0.258441
0.253246
0.248051
0.242856
0.23783
0.232804
0.227777
0.222751
0.217724
0.212698
0.207671
0.202645
0.197618
0.192592
0.187566
0.182539
0.177513
0.172486
0.16746
0.162433
0.157407
0.15238
0.147354
0.142328
0.137301
0.132275
0.127248
0.122222
0.117195
0.112169
0.107142
0.102116
0.0970895
0.0920631
0.0870366
0.0820102
0.0769837
0.0719573
0.0669308
0.0619044
0.056878
0.0518515
0.0468251
0.0417986
0.0367722
0.0317457
0.0267193
0.0216928
0.0166664
0.0116399
0.0066135
0.00158706
-0.00343938
-0.00846583
-0.0134923
-0.0185187
-0.0235452
-0.0285716
-0.0346941
-0.0408165
-0.0469389
-0.0530614
-0.0591838
-0.0653062
-0.0714287
-0.0775511
-0.0836735
-0.089796
-0.0959184
-0.102041
-0.108163
-0.114286
-0.117143
-0.12
-0.122857
-0.125714
-0.128571
-0.131429
-0.134286
-0.137143
-0.14
-0.142857
-0.145714
-0.148571
-0.151429
-0.154286
-0.157143
-0.16
-0.162857
-0.165714
-0.168571
-0.171428
-0.174286
-0.177143
-0.18
-0.182857
-0.185714
-0.188571
-0.191428
-0.194286
-0.197143
-0.2
-0.202857
-0.205714
-0.208571
-0.211428
-0.214285
-0.214285
-0.214285
-0.214285
-0.214286
-0.214778
-0.215271
-0.215764
-0.216256
-0.216749
-0.217241
-0.217734
-0.218227
-0.218719
-0.219212
-0.219704
-0.220197
-0.22069
-0.221182
-0.221675
-0.222167
-0.22266
-0.223153
-0.223645
-0.224138
-0.22463
-0.225123
-0.225616
-0.226108
-0.226601
-0.227093
-0.227586
-0.228079
-0.228571
-0.222727
-0.216883
-0.211039
-0.205195
-0.199351
-0.193506
-0.187662
-0.181818
-0.175974
-0.17013
-0.164286
-0.158441
-0.152597
-0.146753
-0.140909
-0.135065
-0.129221
-0.123377
-0.117532
-0.111688
-0.105844
-0.1
-0.0785715
-0.057143
-0.0261907
0.00476166
0.035714
0.0666663
0.0976186
0.128571
0.157142
0.185714
0.214285
0.242856
0.271428
0.299999
0.32857
0.357142
0.385713
0.414285
0.442856
0.457142
0.471427
0.492856
0.514284
0.532142
0.549999
0.567856
0.614284
0.62857
0.642856
0
0
0
0
0
0
0
0
0
0
0
0
0
0
0
0
0
0
0
0
0
0
0
0
0
0
0
0
0
0
0
0
0
0
0
0
0
0
0
0
0
0
0
0
0
0
0
0
0
0
0
0
0
0
0
0
0
0
0
0
0
0
0
0
0
0
0
0
0
0
0
0
0
0
0
0
0
0
0
0
0
0
0
0
0
0
0
0
0
0
0
0
0
0
0
0
0
0
0
0
0
0
0
0
0
0
0
0
0
0
0
0
0
0
0
0
0
0
0
0
0
0
0
0
0
0
0
0
0
0
0
0
0
0
0
0
0
0
0
0
0
0
0
0
0
0
0
0
0
0
0
0
0
0
0
0
0
0
0
0
0
0
0
0
0
0
0
0
0
0
0
0
0
0
0
0
0
0
0
0
0
0
0
0
0
0
0
0
0
0
0
0
0
0
0
0
0
0
0
0
0
0
0
0
0
0
0
0
0
0
0
0
0
0
0
0
0
0
0
0
0
0
0
0
0
0
0
0
0
0
0
0
0
0
0
0
0
0
0
0
0
0
0
0
0
0
0
0
0
0
0
0
0
0
0
0
0
0
0
0
0
0
0
0
0
0
0
0
0
0
0
0
0
0
0
0
0
0
0
0
0
0
0
0
0
0
0
0
0
0
0
0
0
0
0
0
0
0
0
0
0
0
0
0
0
0
0
0
0
0
0
0
0
0
