-0.459459
-0.364865
-0.364865
-0.364865
-0.364865
-0.364865
-0.364865
-0.837839
-0.833335
-0.82883
-0.824326
-0.817569
-0.810812
-0.810812
-0.810812
-0.797299
-0.790542
-0.783786
-0.781083
-0.77838
-0.775678
-0.772975
-0.770272
-0.761263
-0.752254
-0.743245
-0.740543
-0.73784
-0.735137
-0.732435
-0.729732
-0.724327
-0.718921
-0.713516
-0.708111
-0.702705
-0.69902
-0.695334
-0.691649
-0.687963
-0.684278
-0.680592
-0.676907
-0.673222
-0.669536
-0.665851
-0.662165
-0.659462
-0.65676
-0.654057
-0.651354
-0.648652
-0.644791
-0.64093
-0.637069
-0.633208
-0.629347
-0.625486
-0.621625
0.314285
0.32857
0.342856
0.357141
0.37857
0.399998
0.408569
0.417141
0.425712
0.434283
0.442855
0.45714
0.471426
0.485712
0.494283
0.502854
0.511425
0.519997
0.528568
0.534282
0.539997
0.545711
0.551425
0.557139
0.562853
0.568568
0.574282
0.579996
0.58571
0.595234
0.604758
0.614282
0.617139
0.619996
0.622853
0.62571
0.628567
0.630765
0.632962
0.63516
0.637358
0.639556
0.641754
0.643951
0.646149
0.648347
0.650545
0.652743
0.65494
0.657138
0.657138
0.657138
0.657138
0.657138
0.657138
0.657138
0.657138
0.657138
0.659995
0.662853
0.66571
0.668567
0.671424
0.671424
0.671424
0.671424
0.671424
0.671424
0.671424
0.671424
0.671424
0.671424
0.671424
0.671424
0.671424
0.671424
0.671424
0.671424
0.671424
0.671424
0.671424
0.671424
0.671424
0.671424
0.671424
0.671424
0.671424
0.671424
0.671424
0.671424
0.671424
0.66571
0.659995
0.654281
0.648567
0.642853
0.637138
0.631424
0.62571
0.619996
0.614282
0.61071
0.607139
0.603567
0.599996
0.596425
0.592853
0.589282
0.58571
0.566663
0.547616
0.528568
0.508568
0.488569
0.468569
0.448569
0.428569
0.408569
0.38857
0.36857
0.34857
0.32857
0.257142
0.185715
0.133334
0.0809538
-0.0428544
-0.0685684
-0.0942825
-0.119996
-0.14571
-0.228567
-0.257138
-0.285709
-0.31428
-0.349994
-0.457136
-0.471421
-0.485707
-0.499992
-0.521421
-0.57142
-0.576182
-0.580944
-0.614277
-0.614277
-0.628563
-0.628563
-0.628563
-0.628563
-0.628563
-0.628563
-0.628563
-0.628563
-0.628563
-0.628563
-0.628563
-0.628563
-0.628563
-0.628563
-0.628563
-0.628563
-0.628563
-0.628563
-0.628563
-0.628563
-0.628563
-0.628563
-0.628563
-0.628563
-0.628563
-0.628563
-0.628563
-0.628563
-0.628563
-0.628563
-0.628563
-0.628563
-0.628563
-0.628563
-0.628563
-0.628563
0.285705
0.290467
0.295229
0.314276
0.321419
0.328562
0.328562
0.328562
0.328562
0.325705
0.322848
0.31999
0.317133
0.314276
0.307133
0.299991
0.292848
0.285705
0.278562
0.27142
0.264277
0.257134
0.22142
0.185706
0.174278
0.162849
0.151421
0.139992
0.128564
0.114278
0.0999928
0.0857072
0.0714216
0.0285649
0.00475566
-0.0190536
-0.0428629
-0.0514342
-0.0600056
-0.0685769
-0.0771482
-0.142862
-0.157147
-0.171433
-0.414288
-0.450001
-0.585714
-0.6
-0.614285
-0.671428
-0.692856
-0.828569
-0.828569
-0.828569
-0.828569
-0.665925
-0.667024
-0.668123
-0.669222
-0.67032
-0.671419
-0.670626
-0.669832
-0.669038
-0.668245
-0.667451
-0.666657
-0.665864
-0.66507
-0.664276
-0.663483
-0.662689
-0.661896
-0.661102
-0.660308
-0.659515
-0.658721
-0.657927
-0.657134
-0.65642
-0.655706
-0.654991
-0.654277
-0.653563
-0.652848
-0.652134
-0.65142
-0.650705
-0.649991
-0.649277
-0.648563
-0.647848
-0.647134
-0.64642
-0.645705
-0.644991
-0.644277
-0.643562
-0.642848
-0.642848
-0.642848
-0.514278
-0.514278
-0.514278
-0.447612
-0.438088
-0.428565
-0.421422
-0.414279
-0.371422
-0.357137
-0.342851
-0.333328
-0.323804
-0.31428
-0.278566
-0.271423
-0.299995
-0.299995
-0.299995
-0.321423
-0.328566
-0.347613
-0.352375
-0.357137
-0.371422
-0.371422
-0.371422
-0.371422
-0.371422
-0.357137
-0.357137
-0.357137
-0.371422
-0.371422
-0.404755
-0.409517
-0.414279
-0.419993
-0.425708
-0.431422
-0.437136
-0.44285
-0.464279
-0.471421
-0.485707
-0.485707
-0.485707
-0.542849
-0.542849
-0.542849
-0.557135
-0.557135
-0.498503
-0.500004
-0.503383
-0.506761
-0.510139
-0.513518
-0.516896
-0.520274
-0.523653
-0.527031
-0.527031
-0.527031
-0.527031
-0.527031
-0.527031
-0.53041
0.671428
0.67619
0.680952
0.685714
0.671428
0.671428
0.671428
0.671428
0.671428
0.657143
0.657143
0.657143
0.657143
0.657143
0.657143
0.657143
0.657143
0.657143
0.657143
0.652381
0.647619
0.642857
0.642857
0.642857
0.642857
0.642857
0.642857
0.642857
0.642857
0.385714
0.4
0.414285
0.428571
0.434285
0.439999
0.445713
0.451428
0.457142
0.471427
0.514284
0.514284
0.514284
0.514284
0.628571
0.628571
0.628571
0.628571
0.628571
0.628571
0.628571
0.628571
0.628571
0.628571
0.628571
0.628571
0.628571
0.628571
0.628571
-0.677368
-0.679057
-0.680746
-0.682435
-0.684124
-0.685814
-0.687503
-0.689192
-0.695949
-0.702705
-0.708111
-0.713516
-0.718921
-0.724327
-0.729732
-0.734237
-0.738741
-0.743246
-0.745948
-0.748651
-0.751354
-0.754056
-0.756759
-0.756759
-0.756759
-0.756759
-0.763516
-0.770272
-0.774777
-0.779281
-0.797299
-0.804056
-0.810812
-0.815317
-0.819821
-0.837839
-0.837839
-0.837839
-0.864866
-0.871623
-0.905406
-0.905406
-0.905406
-0.95946
-0.966217
-0.986487
-1
