0.0185042
0.0185042
0.0185042
0.0185042
0.0185042
0.0185042
0.0185042
0.0185042
0.0185042
0.0185042
0.0185042
0.0185042
0.0185042
0.0185042
0.0185042
0.0185042
0.0185042
0.0185042
-0.360297
-0.33868
-0.317062
-0.295445
-0.273826
-0.252209
-0.230591
-0.208973
-0.187355
-0.165738
-0.14412
-0.122502
-0.100884
-0.0792668
-0.057649
-0.0360314
-0.0295261
-0.0230207
-0.0165154
-0.01001
-0.00350469
0.00300065
0.00950603
0.0160113
0.0225166
0.029022
0.0355273
0.0420327
0.048538
0.0550434
0.0615488
0.0680541
0.0745595
0.0810647
0.0875701
0.0940758
0.100581
0.107086
0.113591
0.120096
0.126603
0.133108
0.139613
0.146118
0.152623
0.159129
0.165634
0.17214
0.178645
0.18515
0.191655
0.198161
0.204666
0.211172
0.217677
0.224182
0.230688
0.237193
0.243698
0.250204
0.256709
0.263215
0.26972
0.276225
0.28273
0.289235
0.295741
0.302247
0.308752
0.315257
0.319523
0.32379
0.328057
0.332324
0.33659
0.340857
0.345124
0.34939
0.353657
0.357924
0.36219
0.229301
0.229301
0.229301
0.229301
0.221658
0.214015
0.206371
0.198728
0.191085
0.180893
0.170702
0.160511
0.15032
0.140129
0.129938
0.119747
0.109556
0.0993647
0.0891736
0.0813343
0.073495
0.0656557
0.0578164
0.0499771
0.0421378
0.0342984
0.0264591
0.0186198
0.0107805
0.00294123
-0.00489808
-0.0127374
-0.0244963
-0.0362553
-0.0480142
-0.0597732
-0.0715322
-0.0832911
-0.0950501
-0.106809
-0.118568
-0.130327
-0.142086
-0.153845
-0.165604
-0.172883
-0.180162
-0.187442
-0.194721
-0.202001
-0.20928
-0.216559
-0.223839
-0.231118
-0.238397
-0.245677
-0.252956
-0.260235
-0.267515
-0.274794
-0.282074
-0.289353
-0.296632
-0.303912
-0.311191
-0.31847
-0.328378
-0.338286
-0.348194
-0.358102
-0.36801
-0.377918
-0.387826
-0.397734
-0.407642
-0.41755
-0.427458
-0.437366
-0.447274
-0.457182
-0.46709
-0.476998
-0.486906
-0.496814
-0.508279
-0.519744
-0.531209
-0.542674
-0.554139
-0.565604
-0.577069
-0.588534
-0.599999
-0.611464
-0.622929
-0.634394
-0.645859
-0.657324
-0.668789
-0.680254
-0.691719
-0.703184
-0.714649
-0.726114
-0.735668
-0.745223
-0.754777
-0.764331
-0.773885
-0.783439
-0.792993
-0.802547
-0.812102
-0.821656
-0.83121
-0.840764
-0.850318
-0.859872
-0.869427
-0.878981
-0.8899
-0.900819
-0.911738
-0.922657
-0.933576
-0.944495
-0.955414
-0.961783
-0.968153
-0.974522
-0.980892
-0.987261
-0.993631
-1
0.331212
0.365182
0.399153
0.433123
0.47134
0.509556
0.522295
0.535034
0.547773
0.560512
0.573251
0.58599
0.598728
0.611467
0.614015
0.616563
0.619111
0.621659
0.624206
0.624206
0.624206
0.624206
0.624206
0.624206
0.624206
0.624206
0.624206
0.624206
0.624206
0.624206
0.624206
0.624206
0.624206
0.624206
0.623048
0.62189
0.620732
0.619574
0.618416
0.617258
0.6161
0.614942
0.613783
0.612625
0.611468
0.606372
0.601276
0.596181
0.591085
0.58599
0.580894
0.575799
0.570703
0.565607
0.560512
0.555416
0.550321
0.545225
0.54013
0.535034
0.528665
0.522295
0.515926
0.509556
0.503187
0.496817
0.490448
0.484079
0.477709
0.47134
0.46497
0.458601
0.452231
0.445862
0.439493
0.433123
0.426754
0.420384
0.414015
0.407645
0.401276
0.394907
0.388537
0.382168
0.375798
0.369429
0.363059
0.35669
0.35032
0.343951
0.337582
0.331212
0.324843
0.318473
0.312104
0.305734
0.297773
0.289811
0.281849
0.273887
0.265925
0.257964
0.250002
0.24204
0.234078
0.226116
0.218155
0.210193
0.202231
0.194269
0.186308
0.178346
0.169853
0.161361
0.152868
0.144375
0.135883
0.12739
0.118898
0.110405
0.101912
0.0934199
0.0849273
0.0764347
0.0679421
0.0594496
0.203823
0.198819
0.193814
0.18881
0.183805
0.178801
0.173796
0.168791
0.163787
0.158782
0.153778
0.148773
0.143769
0.138764
0.13376
0.128755
0.123751
0.118746
0.113741
0.108737
0.103732
0.0987278
0.0937232
0.0887186
0.0837141
0.0787095
0.073705
0.0687004
0.0636958
0.0564956
0.0492954
0.0420952
0.0348949
0.0276947
0.0204945
0.0132942
0.00609399
-0.00110624
-0.00830648
-0.0155067
-0.0227069
-0.0299072
-0.0371074
-0.0443076
-0.0515079
-0.0587081
-0.0659083
-0.0731086
-0.0803088
-0.087509
-0.0947093
-0.101909
-0.109871
-0.117833
-0.125795
-0.133757
-0.141718
-0.14968
-0.157642
-0.165604
-0.173566
-0.181527
-0.189489
-0.197451
-0.205413
-0.213375
-0.221336
-0.229298
-0.237405
-0.245511
-0.253618
-0.261724
-0.269831
-0.277937
-0.286044
-0.294151
-0.302257
-0.310364
-0.31847
-0.326577
-0.334683
-0.34279
-0.350896
-0.359003
-0.36711
-0.375216
-0.383323
-0.391429
-0.399536
-0.407642
-0.415749
-0.423855
-0.431962
-0.440069
-0.448175
-0.456282
-0.464388
-0.472495
-0.480601
-0.488708
-0.496815
-0.505307
-0.5138
-0.522293
-0.530785
-0.539278
-0.54777
-0.556263
-0.564755
-0.573248
-0.58174
-0.590233
-0.598726
-0.607218
-0.615711
-0.624203
-0.632696
-0.641188
-0.649681
-0.659872
-0.670063
-0.680254
-0.690445
-0.700637
-0.707585
-0.714534
-0.721482
-0.72843
-0.735379
-0.742327
-0.749276
-0.756224
-0.763173
-0.770121
-0.77707
-0.789809
-0.802547
-0.815286
-0.828025
-0.840764
-0.853503
-0.866242
0
0
0
0
0
0
0
0
0
0
0
0
0
0
