-0.126212
-0.106794
-0.0873769
-0.0728138
-0.0582506
-0.0504836
-0.0427166
-0.0349496
-0.0271826
-0.0194156
-0.0129431
-0.00647056
1.9442e-06
0.00647445
0.012947
0.0194195
0.0271865
0.0349535
0.0427205
0.0504875
0.0582545
0.0660215
0.0737885
0.0815555
0.0893225
0.0970896
0.104857
0.112624
0.120391
0.128158
0.135925
0.140779
0.145633
0.150488
0.155342
0.160196
0.165051
0.169905
0.17476
0.181694
0.188629
0.195564
0.202499
0.209434
0.216369
0.223303
0.229371
0.235439
0.241507
0.247575
0.253643
0.259711
0.265779
0.271847
0.277915
0.283983
0.290051
0.296119
0.302187
0.308255
0.314323
0.320391
0.325245
0.3301
0.334954
0.339809
0.344663
0.349517
0.354372
0.359226
0.366161
0.373096
0.380031
0.386965
0.3939
0.400835
0.40777
0.414242
0.420715
0.427187
0.433013
0.438838
0.444663
0.450488
0.456314
0.460197
0.464081
0.467964
0.471848
0.475731
0.482204
0.488676
0.495149
0.500003
0.514566
0.514566
0.514566
0.48544
0.475731
0.466022
0.456314
0.446605
0.398061
0.378644
0.359226
0.339809
0.320391
0.242721
0.223303
0.203886
0.184468
0.126216
0.0679633
0.0485457
0.0291282
0.0097107
-0.00193981
-0.0135903
-0.0252408
-0.0368913
-0.0485419
-0.0582506
-0.0679594
-0.0776681
-0.0825225
-0.0873769
-0.0938494
-0.100322
-0.106794
-0.116503
-0.126212
-0.129448
-0.132684
-0.135921
-0.140775
-0.145629
-0.148866
-0.152102
-0.155338
-0.158574
-0.161811
-0.165047
-0.165047
-0.165047
-0.168283
-0.171519
-0.174756
-0.17961
-0.184464
-0.184464
-0.184464
-0.194173
-0.194173
-0.213591
-0.206309
-0.205096
-0.203882
-0.200646
-0.19741
-0.194173
-0.189319
-0.184464
-0.181228
-0.177992
-0.174756
-0.174756
-0.174756
-0.171519
-0.168283
-0.165047
-0.163553
-0.16206
-0.160566
-0.159072
-0.157579
-0.156085
-0.154591
-0.153098
-0.151604
-0.15011
-0.148617
-0.147123
-0.14563
-0.140775
-0.135921
-0.133979
-0.132037
-0.130095
-0.128154
-0.126212
-0.12427
-0.122328
-0.120387
-0.118445
-0.116503
-0.114738
-0.112973
-0.111207
-0.109442
-0.107677
-0.105912
-0.104147
-0.102381
-0.100616
-0.0988509
-0.0970856
-0.0943117
-0.0915378
-0.0887639
-0.0859899
-0.083216
-0.0804421
-0.0776681
-0.0754277
-0.0731872
-0.0709467
-0.0687062
-0.0664657
-0.0642252
-0.0619848
-0.0597443
-0.0575038
-0.0552633
-0.0530228
-0.0507824
-0.0485419
-0.0463014
-0.0440609
1
0.990291
0.980582
0.970874
0.961165
0.951456
0.941747
0.932039
0.92233
0.916505
0.91068
0.904854
0.899029
0.893204
0.887379
0.881553
0.875728
0.869903
0.864078
0.855448
0.846817
0.838187
0.829557
0.820927
0.812297
0.803667
0.795037
0.786407
0.777777
0.769147
0.760517
0.751887
0.743257
0.734627
0.725997
0.717367
0.708737
0.700485
0.692232
0.68398
0.675727
0.667475
0.659222
0.65097
0.642718
0.634465
0.626213
0.61796
0.609708
0.601455
0.593203
0.58495
0.576698
0.568446
0.560193
0.551941
0.543689
0.5351
0.526512
0.517923
0.509335
0.500746
0.492158
0.483569
0.47498
0.466392
0.457803
0.449215
0.440626
0.432038
0.423449
0.414861
0.406272
0.397684
0.389095
0.380507
0.371918
0.363329
0.354741
0.346152
0.337564
0.328975
0.320387
0.312391
0.304396
0.296401
0.288405
0.28041
0.272414
0.264419
0.256423
0.248428
0.240432
0.232437
0.224441
0.216446
0.208451
0.200455
0.19246
0.184464
0.176469
0.168473
0.160478
0.152482
0.144487
0.136491
0.128496
0.120501
0.112505
0.10451
0.0965142
0.0885188
0.0805233
0.0725279
0.0645324
0.056537
0.0485415
0.0404509
0.0323602
0.0242696
0.016179
0.00808833
-2.3016e-06
-0.00809294
-0.0161836
-0.0242742
-0.0323648
-0.0404555
-0.0485461
-0.0566367
-0.0647274
-0.072818
-0.0809086
-0.0889993
-0.0970899
-0.105181
-0.113271
-0.121362
-0.129452
-0.137543
-0.145634
-0.153724
-0.161815
-0.169906
-0.177996
-0.186087
-0.194178
-0.202268
-0.210359
-0.218449
-0.22654
-0.234631
-0.242721
-0.248061
-0.253401
-0.258741
-0.264081
-0.26942
-0.27476
-0.2801
-0.28544
-0.29078
-0.296119
-0.301459
-0.306799
-0.312139
-0.317479
-0.322819
-0.328158
-0.333498
-0.338838
-0.344178
-0.349517
-0.357284
-0.365052
-0.372819
-0.380586
-0.388353
-0.39612
-0.403887
-0.411654
-0.419421
-0.427188
-0.435683
-0.444178
-0.452673
-0.461168
-0.469664
-0.478159
-0.486654
-0.495149
-0.501217
-0.507285
-0.513353
-0.519421
-0.525489
-0.531557
-0.537625
-0.543693
-0.549761
-0.555829
-0.561897
-0.567965
-0.574033
-0.580101
-0.586169
-0.592236
-0.600003
-0.607771
-0.615538
-0.623305
-0.631072
-0.638839
-0.646606
-0.654373
-0.66214
-0.669907
-0.675454
-0.681002
-0.68655
-0.692098
-0.697646
-0.703194
-0.708742
-0.71845
-0.728159
-0.737868
-0.743693
-0.749518
-0.755344
-0.761169
-0.776703
-0.776703
-0.776703
-0.776703
-0.776703
-0.679615
-0.582528
-0.48544
-0.388353
-0.291265
-0.0679636
-0.00647477
0.055014
0.116503
0.142393
0.168283
0.495144
-0.069173
-0.0776681
-0.0834934
-0.0893186
-0.0951439
-0.100969
-0.106794
-0.11262
-0.118445
-0.12427
-0.130095
-0.135921
-0.141989
-0.148057
-0.154125
-0.160193
-0.166261
-0.172329
-0.178397
-0.184464
-0.191746
-0.199028
-0.206309
-0.213591
-0.220872
-0.228154
-0.235435
-0.242717
-0.248542
-0.254368
-0.260193
-0.266018
-0.271843
-0.27961
-0.287377
-0.295144
-0.302911
-0.310678
-0.330096
