-0.0345324
0
0.0345324
0.0690109
0.103382
0.137591
0.171587
0.205315
0.238724
0.271762
0.304379
0.336524
0.36815
0.399208
0.429652
0.459438
0.48852
0.516858
0.54441
0.571138
0.597005
0.621975
0.646015
0.669093
0.691181
0.71225
0.732277
0.751238
0.769112
0.785881
0.801529
0.816043
0.82941
0.841623
0.852675
0.862562
0.871281
0.878834
0.885224
0.890456
0.894539
0.897481
0.899297
0.9
0.899607
0.898138
0.895614
0.892057
0.887494
0.881951
0.875458
0.868044
0.859744
0.85059
0.840618
0.829866
0.818372
0.806175
0.793317
0.779838
0.765783
0.751194
0.736116
0.720594
0.704673
0.688399
0.671819
0.654978
0.637923
0.6207
0.603356
0.585936
0.568486
0.551051
0.533675
0.516403
0.499276
0.482337
0.465627
0.449186
0.433052
0.417263
0.401855
0.386862
0.372318
0.358254
0.344699
0.331682
0.319228
0.307363
0.296108
0.285484
0.275509
0.266199
0.25757
0.249632
0.242397
0.235871
0.230061
0.22497
0.220599
0.216949
0.214015
0.211793
0.210275
0.209453
0.209315
0.209848
0.211035
0.212861
0.215306
0.218349
0.221967
0.226135
0.230829
0.23602
0.241679
0.247776
0.254278
0.261154
0.268368
0.275886
0.283671
0.291687
0.299895
0.308258
0.316737
0.325291
0.333882
0.34247
0.351014
0.359475
0.367813
0.375988
0.38396
0.391691
0.399143
0.406277
0.413057
0.419446
0.425409
0.430912
0.435921
0.440406
0.444335
0.447679
0.45041
0.452502
0.453931
0.454674
0.45471
0.454019
0.452584
0.450389
0.447422
0.44367
0.439125
0.433778
0.427625
0.420662
0.412889
0.404307
0.394919
0.384731
0.37375
0.361988
0.349454
0.336164
0.322135
0.307383
0.29193
0.275799
0.259012
0.241596
0.22358
0.204993
0.185866
0.166233
0.146128
0.125587
0.104647
0.0833482
0.0617295
0.0398323
0.0176988
-0.00462801
-0.0271041
-0.049685
-0.0723252
-0.0949791
-0.1176
-0.140143
-0.162559
-0.184803
-0.206828
-0.228587
-0.250033
-0.271122
-0.291807
-0.312043
-0.331786
-0.350994
-0.369622
-0.387631
-0.404979
-0.421627
-0.437537
-0.452674
-0.467002
-0.480487
-0.493098
-0.504806
-0.515581
-0.525397
-0.534231
-0.54206
-0.548863
-0.554623
-0.559324
-0.562952
-0.565496
-0.566946
-0.567296
-0.566541
-0.564679
-0.56171
-0.557638
-0.552467
-0.546204
-0.53886
-0.530445
-0.520976
-0.510468
-0.498941
-0.486415
-0.472915
-0.458465
-0.443093
-0.426829
-0.409705
-0.391754
-0.373011
-0.353513
-0.3333
-0.312411
-0.290888
-0.268775
-0.246115
-0.222955
-0.199342
-0.175322
-0.150946
-0.126262
-0.101321
-0.0761736
-0.0508707
-0.0254641
-5.50689e-06
0.0254531
0.0508598
0.0761627
0.10131
0.126252
0.150935
0.175312
0.199331
0.222945
0.246105
0.268765
0.290879
0.312402
0.333291
0.353505
0.373003
0.391746
0.409698
0.426822
0.443086
0.458458
0.472908
0.486409
0.498936
0.510463
0.520972
0.530442
0.538856
0.546201
0.552464
0.557636
0.561709
0.564678
0.56654
0.567296
0.566946
0.565497
0.562954
0.559326
0.554626
0.548866
0.542063
0.534235
0.525401
0.515585
0.50481
0.493104
0.480493
0.467008
0.45268
0.437544
0.421634
0.404986
0.387638
0.36963
0.351002
0.331795
0.312052
0.291815
0.271131
0.250042
0.228596
0.206837
0.184813
0.162569
0.140152
0.11761
0.0949889
0.072335
0.0496948
0.0271139
0.0046377
-0.0176892
-0.0398228
-0.0617201
-0.0833389
-0.104638
-0.125578
-0.146119
-0.166224
-0.185858
-0.204985
-0.223572
-0.241589
-0.259004
-0.275791
-0.291924
-0.307377
-0.322129
-0.336159
-0.349449
-0.361982
-0.373746
-0.384726
-0.394915
-0.404303
-0.412885
-0.420659
-0.427622
-0.433775
-0.439122
-0.443668
-0.447421
-0.450388
-0.452583
-0.454018
-0.45471
-0.454674
-0.453932
-0.452503
-0.450411
-0.44768
-0.444336
-0.440408
-0.435924
-0.430914
-0.425411
-0.419448
-0.41306
-0.40628
-0.399146
-0.391695
-0.383964
-0.375991
-0.367817
-0.359479
-0.351018
-0.342474
-0.333886
-0.325295
-0.31674
-0.308262
-0.299899
-0.291691
-0.283675
-0.275889
-0.268371
-0.261157
-0.254281
-0.247779
-0.241682
-0.236022
-0.230831
-0.226137
-0.221968
-0.21835
-0.215307
-0.212862
-0.211036
-0.209848
-0.209315
-0.209453
-0.210275
-0.211792
-0.214014
-0.216947
-0.220598
-0.224968
-0.230058
-0.235868
-0.242394
-0.249629
-0.257566
-0.266195
-0.275504
-0.285479
-0.296103
-0.307358
-0.319223
-0.331676
-0.344693
-0.358248
-0.372312
-0.386856
-0.401848
-0.417256
-0.433045
-0.449179
-0.46562
-0.48233
-0.499269
-0.516395
-0.533668
-0.551044
-0.568479
-0.585929
-0.603348
-0.620693
-0.637915
-0.65497
-0.671811
-0.688392
-0.704666
-0.720587
-0.736109
-0.751188
-0.765777
-0.779832
-0.793311
-0.80617
-0.818367
-0.829861
-0.840614
-0.850586
-0.85974
-0.868041
-0.875455
-0.881949
-0.887492
-0.892056
-0.895612
-0.898137
-0.899607
-0.9
-0.899297
-0.897482
-0.89454
-0.890458
-0.885227
-0.878837
-0.871285
-0.862566
-0.85268
-0.841628
-0.829416
-0.816049
-0.801535
-0.785888
-0.769119
-0.751245
-0.732285
-0.712259
-0.69119
-0.669103
-0.646025
-0.621985
-0.597016
-0.571149
-0.544422
-0.51687
-0.488532
-0.45945
-0.429665
-0.399221
-0.368163
-0.336538
-0.304393
-0.271776
-0.238738
-0.205329
-0.171601
-0.137606
-0.103397
-0.0690258
-0.0345473
-1.49381e-05
0.0345175
