-0.016133
0
0.016133
0.0322614
0.0483807
0.0644863
0.0805737
0.0966384
0.112676
0.128681
0.144651
0.160579
0.176462
0.192296
0.208075
0.223796
0.239454
0.255045
0.270564
0.286007
0.30137
0.316648
0.331839
0.346936
0.361936
0.376836
0.391631
0.406317
0.42089
0.435346
0.449682
0.463893
0.477977
0.491928
0.505745
0.519422
0.532957
0.546346
0.559586
0.572674
0.585605
0.598378
0.610989
0.623434
0.635711
0.647818
0.65975
0.671506
0.683083
0.694478
0.705688
0.716712
0.727546
0.738189
0.748638
0.758891
0.768946
0.778801
0.788455
0.797904
0.807149
0.816186
0.825015
0.833634
0.842041
0.850236
0.858217
0.865983
0.873533
0.880865
0.88798
0.894877
0.901554
0.908011
0.914247
0.920263
0.926058
0.931631
0.936982
0.942112
0.94702
0.951707
0.956172
0.960416
0.964439
0.968242
0.971825
0.975189
0.978334
0.981262
0.983972
0.986467
0.988747
0.990812
0.992665
0.994307
0.995738
0.996961
0.997976
0.998786
0.999391
0.999794
0.999997
1
0.999806
0.999418
0.998836
0.998064
0.997102
0.995954
0.994622
0.993108
0.991414
0.989543
0.987497
0.98528
0.982893
0.980338
0.97762
0.974741
0.971702
0.968508
0.965161
0.961664
0.95802
0.954231
0.950302
0.946235
0.942033
0.937698
0.933236
0.928647
0.923937
0.919107
0.914162
0.909104
0.903936
0.898663
0.893287
0.887811
0.88224
0.876575
0.870822
0.864982
0.85906
0.853058
0.846981
0.840831
0.834611
0.828326
0.821978
0.815571
0.809108
0.802593
0.796028
0.789417
0.782764
0.776071
0.769342
0.76258
0.755788
0.748969
0.742127
0.735264
0.728384
0.72149
0.714585
0.707671
0.700752
0.69383
0.686909
0.679992
0.67308
0.666178
0.659286
0.65241
0.64555
0.63871
0.631892
0.625098
0.618332
0.611595
0.604889
0.598218
0.591583
0.584987
0.578431
0.571918
0.56545
0.559029
0.552656
0.546334
0.540064
0.533849
0.527689
0.521586
0.515543
0.50956
0.503639
0.497782
0.491989
0.486262
0.480602
0.47501
0.469488
0.464036
0.458656
0.453348
0.448113
0.442952
0.437865
0.432854
0.427918
0.423059
0.418277
0.413572
0.408944
0.404395
0.399923
0.39553
0.391215
0.386978
0.38282
0.37874
0.374739
0.370815
0.366969
0.363201
0.35951
0.355895
0.352357
0.348895
0.345508
0.342195
0.338957
0.335792
0.332699
0.329678
0.326728
0.323849
0.321038
0.318295
0.315619
0.31301
0.310465
0.307984
0.305566
0.303209
0.300912
0.298675
0.296495
0.294371
0.292302
0.290286
0.288323
0.28641
0.284547
0.282731
0.280961
0.279235
0.277553
0.275912
0.274311
0.272749
0.271223
0.269731
0.268274
0.266847
0.265451
0.264083
0.262742
0.261425
0.260132
0.258861
0.257609
0.256375
0.255158
0.253955
0.252766
0.251588
0.250419
0.249259
0.248105
0.246956
0.24581
0.244665
0.24352
0.242374
0.241224
0.240069
0.238908
0.237739
0.236561
0.235372
0.23417
0.232955
0.231725
0.230478
0.229213
0.227929
0.226625
0.225299
0.22395
0.222576
0.221178
0.219753
0.218301
0.21682
0.215309
0.213768
0.212195
0.21059
0.208952
0.20728
0.205572
0.203829
0.20205
0.200234
0.19838
0.196488
0.194557
0.192587
0.190577
0.188527
0.186436
0.184305
0.182133
0.179919
0.177664
0.175368
0.173029
0.170649
0.168227
0.165764
0.163258
0.160712
0.158124
0.155494
0.152824
0.150114
0.147363
0.144572
0.141742
0.138874
0.135966
0.133021
0.130039
0.12702
0.123966
0.120876
0.117752
0.114594
0.111404
0.108182
0.104929
0.101646
0.0983342
0.0949944
0.0916277
0.0882353
0.0848183
0.0813778
0.0779151
0.0744313
0.0709277
0.0674056
0.0638664
0.0603113
0.0567417
0.0531589
0.0495645
0.0459598
0.0423464
0.0387256
0.0350989
0.031468
0.0278342
0.0241992
0.0205646
0.0169318
0.0133026
0.00967839
0.00606095
0.00245185
-0.00114728
-0.00473481
-0.00830907
-0.0118684
-0.0154112
-0.0189358
-0.0224405
-0.0259236
-0.0293835
-0.0328186
-0.0362272
-0.0396076
-0.0429582
-0.0462773
-0.0495634
-0.0528148
-0.0560298
-0.059207
-0.0623447
-0.0654413
-0.0684952
-0.071505
-0.0744691
-0.077386
-0.0802542
-0.0830723
-0.0858387
-0.0885521
-0.0912111
-0.0938142
-0.0963602
-0.0988477
-0.101275
-0.103642
-0.105946
-0.108187
-0.110363
-0.112473
-0.114517
-0.116492
-0.118398
-0.120234
-0.121999
-0.123692
-0.125311
-0.126858
-0.128329
-0.129725
-0.131045
-0.132288
-0.133453
-0.13454
-0.135549
-0.136478
-0.137327
-0.138096
-0.138785
-0.139392
-0.139918
-0.140363
-0.140725
-0.141006
-0.141204
-0.14132
-0.141353
-0.141305
-0.141174
-0.14096
-0.140665
-0.140288
-0.139829
-0.139288
-0.138667
-0.137965
-0.137182
-0.13632
-0.135378
-0.134358
-0.133259
-0.132083
-0.13083
-0.1295
-0.128096
-0.126616
-0.125064
-0.123438
-0.12174
-0.119972
-0.118134
-0.116226
-0.114252
-0.11221
-0.110104
-0.107933
-0.105699
-0.103404
-0.101049
-0.0986346
-0.0961629
-0.0936352
-0.0910529
-0.0884176
-0.0857307
-0.0829939
-0.0802088
-0.0773768
-0.0744998
-0.0715794
-0.0686172
-0.0656151
-0.0625747
-0.0594978
-0.0563863
-0.0532418
-0.0500663
-0.0468617
-0.0436297
-0.0403722
-0.0370913
-0.0337887
-0.0304664
-0.0271263
-0.0237704
-0.0204006
-0.017019
-0.0136274
-0.0102279
-0.0068224
-0.00341293
-1.47549e-06
0.00340998
0.00681946
0.0102249
0.0136245
0.0170161
0.0203977
0.0237675
0.0271234
0.0304635
0.0337858
0.0370884
0.0403694
0.0436269
0.0468589
0.0500636
0.0532391
0.0563835
0.0594951
0.062572
0.0656125
0.0686147
0.0715768
0.0744973
0.0773744
0.0802063
0.0829915
0.0857284
0.0884153
0.0910507
0.093633
0.0961608
0.0986325
0.101047
0.103402
0.105697
0.107931
0.110102
0.112209
0.11425
0.116225
0.118132
0.11997
0.121739
0.123436
0.125062
0.126615
0.128094
0.129499
0.130828
0.132082
0.133258
0.134357
0.135377
0.136319
0.137181
0.137964
0.138666
0.139288
0.139828
0.140287
0.140665
0.14096
0.141173
0.141305
0.141353
0.14132
0.141204
0.141006
0.140725
0.140363
0.139919
0.139393
0.138785
0.138097
0.137328
0.136479
0.13555
0.134541
0.133454
0.132289
0.131046
0.129726
0.12833
0.126859
0.125313
0.123693
0.122
0.120235
0.118399
0.116493
0.114518
0.112475
0.110365
0.108189
0.105948
0.103644
0.101277
0.0988498
0.0963624
0.0938164
0.0912134
0.0885544
0.0858411
0.0830747
0.0802567
0.0773885
0.0744717
0.0715076
0.0684979
0.0654439
0.0623474
0.0592097
0.0560326
0.0528176
0.0495662
0.0462802
0.0429611
0.0396105
0.0362301
0.0328216
0.0293865
0.0259266
0.0224435
0.0189388
0.0154143
0.0118715
0.00831215
0.0047379
0.00115039
-0.00244873
-0.00605783
-0.00967526
-0.0132994
-0.0169287
-0.0205614
-0.0241961
-0.0278311
-0.0314648
-0.0350958
-0.0387224
-0.0423432
-0.0459567
-0.0495614
-0.0531558
-0.0567386
-0.0603082
-0.0638633
-0.0674026
-0.0709247
-0.0744283
-0.0779121
-0.0813748
-0.0848153
-0.0882324
-0.0916248
-0.0949915
-0.0983313
-0.101643
-0.104926
-0.108179
-0.111401
-0.114592
-0.117749
-0.120873
-0.123963
-0.127018
-0.130037
-0.133019
-0.135964
-0.138871
-0.14174
-0.14457
-0.147361
-0.150111
-0.152822
-0.155492
-0.158121
-0.16071
-0.163256
-0.165762
-0.168225
-0.170647
-0.173027
-0.175366
-0.177662
-0.179917
-0.182131
-0.184303
-0.186435
-0.188525
-0.190575
-0.192585
-0.194555
-0.196486
-0.198378
-0.200232
-0.202049
-0.203828
-0.205571
-0.207278
-0.208951
-0.210589
-0.212194
-0.213767
-0.215308
-0.216818
-0.218299
-0.219752
-0.221177
-0.222575
-0.223948
-0.225297
-0.226624
-0.227928
-0.229212
-0.230477
-0.231724
-0.232954
-0.234169
-0.235371
-0.23656
-0.237738
-0.238907
-0.240068
-0.241223
-0.242373
-0.243519
-0.244664
-0.245809
-0.246955
-0.248104
-0.249258
-0.250418
-0.251587
-0.252765
-0.253954
-0.255157
-0.256374
-0.257608
-0.258859
-0.260131
-0.261424
-0.262741
-0.264082
-0.26545
-0.266846
-0.268272
-0.26973
-0.271221
-0.272747
-0.27431
-0.275911
-0.277552
-0.279234
-0.280959
-0.282729
-0.284545
-0.286409
-0.288321
-0.290285
-0.2923
-0.294369
-0.296493
-0.298673
-0.30091
-0.303207
-0.305564
-0.307982
-0.310463
-0.313007
-0.315617
-0.318293
-0.321035
-0.323846
-0.326726
-0.329676
-0.332697
-0.335789
-0.338954
-0.342193
-0.345505
-0.348892
-0.352354
-0.355892
-0.359507
-0.363198
-0.366966
-0.370812
-0.374735
-0.378737
-0.382817
-0.386975
-0.391211
-0.395526
-0.399919
-0.404391
-0.40894
-0.413568
-0.418273
-0.423055
-0.427914
-0.43285
-0.437861
-0.442947
-0.448108
-0.453343
-0.458651
-0.464032
-0.469483
-0.475006
-0.480597
-0.486257
-0.491984
-0.497777
-0.503634
-0.509555
-0.515538
-0.521581
-0.527684
-0.533843
-0.540059
-0.546329
-0.552651
-0.559023
-0.565445
-0.571913
-0.578426
-0.584981
-0.591578
-0.598213
-0.604884
-0.611589
-0.618326
-0.625092
-0.631886
-0.638704
-0.645544
-0.652404
-0.659281
-0.666172
-0.673074
-0.679986
-0.686903
-0.693824
-0.700746
-0.707665
-0.714579
-0.721484
-0.728378
-0.735258
-0.742121
-0.748963
-0.755782
-0.762574
-0.769336
-0.776065
-0.782758
-0.789411
-0.796022
-0.802587
-0.809103
-0.815565
-0.821973
-0.82832
-0.834606
-0.840825
-0.846975
-0.853053
-0.859055
-0.864977
-0.870817
-0.876571
-0.882235
-0.887807
-0.893282
-0.898658
-0.903932
-0.909099
-0.914157
-0.919103
-0.923933
-0.928643
-0.933232
-0.937695
-0.942029
-0.946231
-0.950299
-0.954228
-0.958017
-0.961661
-0.965158
-0.968505
-0.971699
-0.974738
-0.977618
-0.980336
-0.98289
-0.985278
-0.987496
-0.989541
-0.991412
-0.993106
-0.994621
-0.995953
-0.997101
-0.998063
-0.998836
-0.999417
-0.999806
-1
-0.999997
-0.999795
-0.999392
-0.998787
-0.997977
-0.996962
-0.99574
-0.994308
-0.992667
-0.990814
-0.988748
-0.986469
-0.983975
-0.981264
-0.978337
-0.975192
-0.971828
-0.968245
-0.964442
-0.960419
-0.956175
-0.951711
-0.947024
-0.942116
-0.936987
-0.931635
-0.926062
-0.920268
-0.914253
-0.908016
-0.901559
-0.894883
-0.887986
-0.880872
-0.873539
-0.86599
-0.858224
-0.850243
-0.842049
-0.833641
-0.825023
-0.816194
-0.807157
-0.797912
-0.788463
-0.77881
-0.768955
-0.7589
-0.748647
-0.738198
-0.727555
-0.716721
-0.705698
-0.694488
-0.683093
-0.671516
-0.659761
-0.647828
-0.635722
-0.623445
-0.610999
-0.598389
-0.585616
-0.572685
-0.559598
-0.546358
-0.532969
-0.519434
-0.505757
-0.49194
-0.477989
-0.463905
-0.449694
-0.435358
-0.420902
-0.406329
-0.391644
-0.376849
-0.361949
-0.346949
-0.331852
-0.316662
-0.301383
-0.28602
-0.270577
-0.255058
-0.239467
-0.22381
-0.208089
-0.192309
-0.176476
-0.160593
-0.144664
-0.128695
-0.11269
-0.0966522
-0.0805876
-0.0645002
-0.0483946
-0.0322753
-0.0161469
-1.39546e-05
0.016119
